short= 4.81133
long= 51.666766

[thresholds]
low= -10.087229
high= 32.980677
persistence= 8.34401
